  0    0.0000000      51.8416
  0    0.0100000      51.8416
  1    0.0610256      51.8416
  2     0.112051      74.2395
  3     0.163077      89.3006
  4     0.214103      98.5684
  5     0.265128      104.898
  6     0.316154      112.164
  7     0.367179      118.813
  8     0.418205      127.423
  9     0.469231      136.097
  10     0.520256      138.325
  11     0.571282      146.092
  12     0.622308      147.270
  13     0.673333      149.700
  14     0.724359      152.633
  15     0.775385      161.017
  16     0.826410      158.643
  17     0.877436      159.232
  18     0.928461      161.287
  19     0.979487      167.476
  20      1.03051      164.600
  21      1.08154      162.756
  22      1.13256      164.016
  23      1.18359      167.876
  24      1.23462      173.988
  25      1.28564      178.014
  26      1.33667      174.439
  27      1.38769      177.346
  28      1.43872      175.344
  29      1.48974      173.187
  30      1.54077      175.226
  31      1.59179      176.706
  32      1.64282      180.257
  33      1.69385      182.260
  34      1.74487      185.486
  35      1.79590      195.860
  36      1.84692      187.711
  37      1.89795      187.699
  38      1.94897      192.617
  39      2.00000      177.574   